8
Mercury
2439.7
0.33011
5427
3.70
4222.6
46.002
69.817
87.969
0
1
0
0
Venus
6051.8
4.8675
5243
8.87
2802
107.476
108.939
224.701
0
2
0
1
carbon dioxide
nitrogen
sulfur dioxide
96.5
3.5
0.015
Earth
6378.1
5.9724
5514
9.80
24
147.092
152.099
365.256
1
3
0
1
nitrogen
oxygen
argon
78.08
20.95
0.93
Mars
3396.2
0.64171
3933
3.71
24.6597
206.617
249.229
686.980
2
4
0
1
carbon dioxide
nitrogen
argon
95.1
2.59
1.94
Jupiter
71492
1898.19
1326
24.79
9.9259
740.522
816.618
4332.589
79
5
1
1
hydrogen
helium
methane
89.8
10.2
0.3
Saturn
60628
568.34
687
10.44
10.656
1352.555
1514.504
10759.22
82
6
1
1
hydrogen
helium
methane
96.3
3.25
0.45
Uranus
25559
86.813
1271
8.87
17.24
2741.302
3003.625
30685.4
27
7
1
1
hydrogen
helium
methane
82.5
15.2
2.3
Neptune
24764
102.413
1638
11.15
16.11
4444.449
4545.671
60189
14
8
1
1
hydrogen
helium
methane
80.0
19.0
1.5